BootCurrent: 0001
Timeout: 0 seconds
BootOrder: 0001,0000,0002
Boot0000* Windows Boot Manager	HD(1,GPT,d99fbecb-3c24-460c-86b3-030772f7ece6,0x800,0x64000)/\EFI\Microsoft\Boot\bootmgfw.efi57494e444f5753000100000088000000780000004200430044004f0042004a004500430054003d007b00390064006500610038003600320063002d0035006300640064002d0034006500370030002d0061006300630031002d006600330032006200330034003400640034003700390035007d00000000000100000010000000040000007fff0400
      dp: 04 01 2a 00 01 00 00 00 00 08 00 00 00 00 00 00 00 40 06 00 00 00 00 00 cb be 9f d9 24 3c 0c 46 86 b3 03 07 72 f7 ec e6 02 02 / 04 04 46 00 5c 00 45 00 46 00 49 00 5c 00 4d 00 69 00 63 00 72 00 6f 00 73 00 6f 00 66 00 74 00 5c 00 42 00 6f 00 6f 00 74 00 5c 00 62 00 6f 00 6f 00 74 00 6d 00 67 00 66 00 77 00 2e 00 65 00 66 00 69 00 00 00 / 7f ff 04 00
    data: 57 49 4e 44 4f 57 53 00 01 00 00 00 88 00 00 00 78 00 00 00 42 00 43 00 44 00 4f 00 42 00 4a 00 45 00 43 00 54 00 3d 00 7b 00 39 00 64 00 65 00 61 00 38 00 36 00 32 00 63 00 2d 00 35 00 63 00 64 00 64 00 2d 00 34 00 65 00 37 00 30 00 2d 00 61 00 63 00 63 00 31 00 2d 00 66 00 33 00 32 00 62 00 33 00 34 00 34 00 64 00 34 00 37 00 39 00 35 00 7d 00 00 00 00 00 01 00 00 00 10 00 00 00 04 00 00 00 7f ff 04 00
Boot0001* GRUB	HD(1,GPT,d99fbecb-3c24-460c-86b3-030772f7ece6,0x800,0x64000)/\EFI\GRUB\grubx64.efi
      dp: 04 01 2a 00 01 00 00 00 00 08 00 00 00 00 00 00 00 40 06 00 00 00 00 00 cb be 9f d9 24 3c 0c 46 86 b3 03 07 72 f7 ec e6 02 02 / 04 04 30 00 5c 00 45 00 46 00 49 00 5c 00 47 00 52 00 55 00 42 00 5c 00 67 00 72 00 75 00 62 00 78 00 36 00 34 00 2e 00 65 00 66 00 69 00 00 00 / 7f ff 04 00
Boot0002* UEFI PC_SN8000S SED SanDisk 2048GB 25114X4A2R01 1	HD(1,GPT,d99fbecb-3c24-460c-86b3-030772f7ece6,0x800,0x64000)/\EFI\Boot\BootX64.efi{auto_created_boot_option}
      dp: 04 01 2a 00 01 00 00 00 00 08 00 00 00 00 00 00 00 40 06 00 00 00 00 00 cb be 9f d9 24 3c 0c 46 86 b3 03 07 72 f7 ec e6 02 02 / 04 04 30 00 5c 00 45 00 46 00 49 00 5c 00 42 00 6f 00 6f 00 74 00 5c 00 42 00 6f 00 6f 00 74 00 58 00 36 00 34 00 2e 00 65 00 66 00 69 00 00 00 / 7f ff 04 00
    data: 4e ac 08 81 11 9f 59 4d 85 0e e2 1a 52 2c 59 b2
Boot0004  UEFI PC_SN8000S SED SanDisk 2048GB 25114X4A2R01 1	HD(1,GPT,d99fbecb-3c24-460c-86b3-030772f7ece6,0x800,0x64000)/\EFI\Boot\BootX64.efi{auto_created_boot_option}
      dp: 04 01 2a 00 01 00 00 00 00 08 00 00 00 00 00 00 00 40 06 00 00 00 00 00 cb be 9f d9 24 3c 0c 46 86 b3 03 07 72 f7 ec e6 02 02 / 04 04 30 00 5c 00 45 00 46 00 49 00 5c 00 42 00 6f 00 6f 00 74 00 5c 00 42 00 6f 00 6f 00 74 00 58 00 36 00 34 00 2e 00 65 00 66 00 69 00 00 00 / 7f ff 04 00
    data: 4e ac 08 81 11 9f 59 4d 85 0e e2 1a 52 2c 59 b2
